3 5
8 4
123 236
9 9
12341 0
45 9
132 90
36 48
155 5
165 15
90 234
12 2
456 6
762 321
90212 901
234 3112
4561 3233
1231 333
999 444
212 221
1000 10
231333 333
85 5
5 5
10 10
234 234
231 23453
20 5
3 4
12 23
432 23
245 5
2100 77
122222 242
12 0
23 32
56 76
55 5
10 2
3 5
3 7
44 4
212 21
233 4
90 56
12 3
42 4
21 234441
2012 201
231 3
2312 3
45 63
2311 22
231 344
44 4
60 4
21 2
50 2
6 3
3 6
63 36
40 8
85 7
3 5
8 4
123 236
9 9
12341 0
45 9
132 90
36 48
155 5
165 15
90 234
12 2
456 6
762 321
90212 901
234 3112
4561 3233
1231 333
999 444
212 221
1000 10
231333 333
85 5
5 5
10 10
234 234
231 23453
20 5
3 4
12 23
432 23
245 5
2100 77
122222 242
12 0
23 32
56 76
55 5
10 2
3 5
3 7
44 4
212 21
233 4
90 56
12 3
42 4
21 234441
2012 201
231 3
2312 3
45 63
2311 22
231 344
44 4
60 4
21 2
50 2
6 3
3 6
63 36
40 8
85 7
1223 3213
233 33
333 3
333 33
999 9
999 201
3213 33
2210 2202
33 3